5515 5710 5134 1419 2700 782 7441 3334 9382 5116 9316 5137 2070 993 7012
2077 5512 1004 9478 6341 3284 8882 149 1901 8078 7901 6613 1160 4616
8802 5952 613 9973 521 5252 1869 1889 5070 9986 8068 1025 7625 8529 5645
2356 5970 5322 1621 372 2314 5928 1176 4399 6922 6653 1168 496 8387 8213
5343 8436 2060 9615 6177 9636 4982 1597 3616 2254 6482 4386 9493 2602
6545 2862 1222 6460 5506 988 7779 8904 3003 4060 9473 1916 4437 6181
2866 8678 5120 3013 35 1172 3959 2808 4915 568 1315 3786 9404 1487 820
6490 8199 3136 8365 8822 4809 9076 993 6043 8025 7980 8611 7875 3059
6067 3130 6216 4571 2322 7670 3024 540 9930 4990 1266 7489 506 5616 9194
976 2376 1913 1358 5603 4821 5240 7688 8004 2204 602 805 78 5796 3374
1927 5375 4825 9916 7823 9694 5261 1687 640 6171 4322 3449 9221 2247
6929 3627 4434 3700 8638 9670 65 3946 3554 1323 2533 5385 6307 8677 413
5774 4234 1163 8187 2340 7803 7984 783 5363 9674 6921 933 969 3974 242
3313 4840 1519 4341 2234 670 4078 5553 3341 9227 7114 3452 5593 2078
3990 8860 8144 3076 5990 6085 768 908 6169 5472 1218 3618 4468 4945 922
9437 1210 7909 4858 9359 1427 4524 5977 3130 9950 1019 3454 4152 696
5389 1752 1321 5268 8178 7124 2854 2702 1260 5907 8353 3641 5833 3055
7570 378 534 6737 9655 4381 8798 5224 9354 6768 7898 4179 3674 2276 8565
5979 4003 2459 2565 5085 8927 9668 9998 6611 362 5663 8213 9465 300 7616
6168 8969 6456 4043 4123 7911 1122 7834 613 8845 881 5613 9290 5499 5529
2347 201 7691 8862 3343 9416 2132 662 7623 3032 6805 9317 6201 5520 4369
7705 5862 2979 9831 190 1227 8128 5904 2392 7837 2197 5610 2501 5890
7512 4616 798 5241 2477 1260 9424 1794 4593 8633 877 3668 5334 3916 5790
920 1311 1547 1935 9813 4417 6837 2797 3204 5559 8214 1971 6414 2335
1148 416 831 7200 9685 878 4892 9194 4260 6078 14 9666 3605 8436 6977
5314 9581 3946 4550 1052 3578 48 8278 8896 2058 3637 431 8376 694 1480
5811 5534 8823 8273 9455 8935 3641 8731 5517 8098 8849 6862 6693 6582
3932 1373 1580 3498 4773 4837 5001 1505 7736 7951 3697 4994 9425 9180
6897 3723 4314 1606 9724 1388 3129 1785 3602 5693 1803 8466 4834 1694
5886 3415 463 248 566 5855 8864 2933 6170 3765 8487 2661 6213 2857 5195
9697 8532 4525 9395 8248 9918 5258 577 2562 5207 2242 6001 8841 6348
2459 9277 3203 9899 5138 4449 9603 4187 3922 1136 6026 9475 7108 5947
2389 6722 8854 4787 5351 5100 1171 6058 2369 9397 4677 858 8287 5748
3170 4140 7517 4656 6555 194 1702 4025 1006 7860 7369 3377 9525 8866
2107 2724 8814 642 9162 97 7241 2163 4015 6450 2976 2366 7799 3947 2205
1428 9965 4476 5583 3914 6693 3621 2930 424 5369 1539 4285 1784 6353
3089 3707 4879 3762 4472 5659 3818 7237 9746 2438 2398 9719 5673 6813
6750 2848 1200 2395 9280 1382 2666 4558 3455 4112 1445 5565 1027 3063
1289 7596 2730 2217 2817 4854 1997 1127 2274 1413 1737 5140 3947 1079
9225 6570 2704 9685 3177 634 1600 9250 2195 6503 5605 4101 7702 5969
6268 2602 4280 1377 3124 6604 6171 9379 7872 924 1915 3804 8019 688 792
9430 4267 4695 1799 5091 7754 6995 8388 3141 6524 9511 4267 1052 2309
3001 636 1944 4057 9574 6647 1031 500 1553 2377 7706 8209 9285 2001 6644
11 8950 41 1788 6635 1842 5432 245 5364 3191 149 6737 7802 5810 9571
2276 6349 1027 9040 6248 2042 5126 8298 569 8219 6340 6601 9438 5962
8822 7662 3818 8175 5719 6174 447 9480 550 9260 1332 705 9361 9012 3147
365 8847 9505 5913 1643 6898 8902 3066 753 1828 6304 6446 900 153 8789
5063 2711 1953 1715 1655 6485 4926 4743 7036 8298 5133 2929 2420 3082
6068 5499 9381 4563 2453 4687 193 6216 9684 9878 9988 343 389 8584 4569
6052 4486 6215 3684 2017 6011 8634 3791 4791 7198 226 3241 6635 192 5414
4923 147 3623 1466 4072 1263 8528 8448 1283 7100 8667 1900 223 2621 1888
3330 4347 8779 199 2370 405 9587 6372 8132 659 3883 2341 5179 8252 4355
5135 5334 1955 9443 6800 1597 2234 5602 2888 3262 1664 5960 7357 3352
9747 4017 5243 2864 5630 7109 8978 5050 6999 2010 2678 545 3269 7741
2231 9709 8445 4000 1666 7708 5901 4241 9866 6507 8670 4602 2206 8383
8361 2799 1947 210 2210 3157 6249 7063 8723 8672 9856 1663 4175 6893
2139 8653 3254 6623 4697 8185 9938 9256 3737 5775 1970 724 1340 1827
5231 6159 7087 6858 140 8134 6576 3183 1887 4761 2608 603 2346 397 1685
2412 1884 8971 3200 9785 6889 5580 7037 4605 4228 539 6181 5795 6062 995
5909 8759 5122 9256 3173 6261 5677 6658 1061 8484 5524 5910 8499 1821
9026 2067 3798 1742 4128 5536 7546 1806 5898 8413 2536 5188 7849 1224
9491 9945 9836 1733 3828 1948 1753 991 5583 3848 9972 3790 462 4675 3101
7053 9000 4759 3150 8788 4192 7495 8671 9645 515 1931 2153 4577 3901
6755 7440 2854 3534 4802 972 1686 7045 5510 9207 4461 1763 4218 2630
8810 3196 9524 1665 7202 543 4533 8033 7198 5066 2126 5657 9515 3142
1897 4945 8813 7464 5984 2163 9290 2108 947 4465 1429 464 3352 1911 3683
6619 4933 7753 6777 1570 7249 7150 6415 2640 8540 5563 2099 7023 2086
6333 2408 2639 7016 4042 7336 2313 1941 7903 4894 2460 5865 9967 2139
7887 1329 4575 6737 6382 1021 1792 3910 2169 7314 7441 1434 6482 3873 76
983 118 5276 5904 6881 6679 4429 5320 9251 3927 8092 2592 7450 7600 1181
3408 7796 6907 9527 1352 2182 7180 1132 3814 2306 6990 5598 8666 302
3423 596 3821 1503 4383 965 4886 3661 2220 8614 4223 5966 3256 6771 2176
1754 240 4600 8205 5375 3238 9679 8924 7142 6707 8835 1372 1613 5122
7087 9927 479 6343 1875 8451 5216 7768 3063 1613 9990 5453 9689 2051
2830 8189 8392 8149 7418 4069 8052 9308 9763 7175 2117 609 6261 1898
2822 1164 590 1626 6421 9937 2928 9119 3985 2884 479 8774 3973 6157 555
5606 3700 7777 5357 1718 8605 332 4532 7989 8037 2365 3765 1385 7432
6414 3123 1177 3511 3607 8157 7577 5436 908 8400 4321 3560 7980 2657
2817 8576 3561 4112 2789 6515 9655 3011 91 8119 1314 4018 9148 6692 9697
8401 8441 813 7314 9786 773 5449 735 1819 3690 8307 6750 1421 6723 9562
9952 9961 2614 7153 9434 8004 7789 9216 3405 5233 4857 915 6917 4874
6996 7188 7105 6356 4851 3119 873 885 1082 9044 9690 323 84 6735 3865
6727 3643 1404 2434 5428 9322 9849 7016 3671 6259 5837 3939 8304 2431
2756 9250 2260 4429 5563 285 1728 803 9142 6616 5510 3671 35 1439 7163
6862 7837 5606 4097 7302 1160 7997 1311 5672 3637 8579 1448 7139 2208
3399 2115 5759 5590 1717 4193 6722 3769 1606 2356 2682 9469 6476 6712
8089 6481 5691 7399 3661 1127 480 9510 7089 952 738 5632 7433 9310 3052
4026 9402 2824 2579 8315 4938 4294 3826 3691 8278 7350 6234 1573 9366
2842 4761 4788 1572 3458 3921 8210 6730 2949 3569 6941 8283 9756 3292
1411 9464 970 8986 1300 4924 3495 8610 5247 4847 8831 1270 8620 2932
5993 9105 2325 842 7383 4928 1865 4403 5373 286 3677 3047 5709 6703 3007
5428 318 8404 5004 5696 8533 4038 9877 1662 9308 2841 2191 6697 9240
7029 907 2891 2921 6364 9100 2605 471 5176 8705 7769 9384 4784 3133 5243
7922 7423 1011 1056 4845 6209 7951 3076 2809 1954 6057 9628 5284 4528
6484 2140 6224 193 4477 1066 316 6274 4893 9258 6472 7271 3106 7033 3672
8800 2466 5351 234 8709 7867 598 9175 7817 4328 8983 5141 6671 441 4719
2620 5284 8512 7477 3161 3893 3174 670 5524 689 1365 3072 5369 3175 5929
1770 1022 5718 7754 1137 8458 6469 3377 8141 8484 7069 3752 4745 1430
770 3026 1248 9807 8215 7176 1929 2573 723 34 4500 9739 3514 2049 436
1276 732 9203 7215 7806 4462 8247 6839 7210 1859 8204 476 1932 3911 250
4101 1196 9548 9134 7629 6290 4572 5099 6537 8881 1071 6662 7502 9625
5319 3947 8834 6388 6017 1802 6368 6155 913 4884 4436 9117 5594 2226
5668 8374 4196 4273 5673 2479 3963 1570 3070 8781 2227 2574 1536 321
1096 2529 1661 744 6065 5647 2883 8510 6785 3994 538 1471 314 2936 597
9374 5748 7152 8020 7264 4907 4340 1434 6558 4652 1946 1430 5772 2371
8913 9112 5179 4035 4907 8008 1783 2907 1727 7611 6691 6531 7934 1904
1500 128 6113 9318 6663 2199 5447 5649 5127 5482 6314 9772 408 6823 5205
2126 7030 4619 4386 2731 3611 4884 5810 2054 7502 5908 3617 4719 4672
9929 3014 6629 9519 7457 2307 5083 213 4077 9340 5755 6172 2351 9677 748
6561 2006 7611 540 9987 5902 5858 5512 7846 7336 3207 1508 3674 7448
5639 9786 5267 3928 8893 7569 9675 3503 2037 4745 7262 4989 6321 6821
9302 2571 5759 1662 48 6803 8813 4721 5086 4908 2584 2121 4005 2120 7228
2857 2860 8864 5556 8068 6538 6762 2959 5301 3676 4865 5292 680 4642
8328 3682 5693 240 7416 5434 6951 307 1534 6670 3475 1973 9992 8266 2646
4494 5042 2749 589 4994 919 6700 1167 1180 5968 2416 2943 4835 4297 7127
4794 5251 210 5976 7282 9912 358 7061 8185 2076 9805 8443 3705 4671 9968
3089 5936 6626 5022 8341 7214 2789 2546 2191 3123 4843 9716 9128 4698
469 3816 9612 2178 2806 6255 4106 7496 4861 2736 9932 6444 8823 7958
2537 6938 633 427 3665 4002 9165 1715 5758 3538 4168 4594 5818 4041 7741
8076 7251 5593 112 4672 9248 5571 8559 2372 1121 7294 2262 2961 624 1958
9805 6189 7810 9331 6759 7301 2206 8804 5745 7576 3674 5865 7151 2427
5721 2937 1804 7550 4588 6465 6832 5394 8089 5137 3156 9417 9361 9025
7125 1078 7140 1409 3377 646 1339 3651 5371 4662 7532 8301 6487 6810
4110 3964 9300 5655 589 4864 1092 2295 8698 7951 7831 686 1330 9366 4313
705 9341 2921 5756 4176 2479 6818 3686 5308 5118 6011 70 2944 7742 1701
7412 2991 54 7405 6809 9076 5794 8761 5241 746 3562 6314 2472 9846 1849
9441 5539 5174 3254 1755 3641 4411 8663 1841 7941 9960 5866 4358 3375
7617 7228 5079 1216 8303 8446 190 4346 3482 441 5118 7333 5409 3463 3595
6626 2504 8384 3425 7493 828 8096 657 4997 1982 7521 1461 7513 2210 9591
2042 8004 2439 7490 9851 8731 4858 1010 7197 8045 7084 8321 4508 7354
4765 3272 6585 4201 8852 5548 5093 5729 5674 7440 6117 8126 4904 5220 61
3594 8929 7621 9987 4539 7124 3290 2480 8202 6137 9605 3230 161 2923 629
3823 5405 4638 6749 6984 7535 192 8719 8456 3825 4306 2221 5599 914 4088
7000 3887 1525 6031 1384 6582 8420 6575 4787 4320 7913 5471 65 411 532
9230 6560 8021 3982 9738 5319 1254 3788 7430 8935 5698 5688 9138 4497
801 6990 9781 7516 1668 6372 9643 3716 8856 4625 7828 8142 2391 3288
8963 9169 7673 3705 127 7126 457 1678 5928 7086 6973 8645 7489 2268 4376
7855 9358 4475 5522 8344 4527 6447 9579 3859 433 745 4690 9596 9315 2077
2012 9784 2027 7916 822 8524 1927 8952 7155 2328 796 4215 2262 9901 5211
7817 3077 8059 7926 2758 3895 728 1515 3593 4039 6817 227 7723 8599 1393
6574 7635 7372 4424 6639 8448 490 4084 7576 105 546 33 7083 9572 3369
4443 5955 2013 3981 2509 8518 4481 7929 7522 4491 5908 2971 5056 5578
4660 8664 1076 7277 4366 5930 1908 4038 4343 3371 9939 1238 5834 389
5224 2116 9384 7143 3773 1038 9062 5331 5711 5731 7449 1557 1781 7917
6315 620 4369 3009 6032 2337 934 4447 4528 391 669 3282 9766 179 28 753
6300 871 8846 4319 2874 3229 937 4064 7222 9898 1372 9316 4213 1745 3304
3049 7172 902 8752 656 9045 7655 9274 8060 6205 9403 2640 6881 3901 5965
8568 3103 5791 4745 7001 1102 2704 1187 1172 4086 4691 4629 7120 7547
3465 1854 2702 2867 2578 6169 6685 5520 8463 3025 5868 7416 2887 6522
7606 1766 4593 8182 2026 3022 8588 6062 1006 1839 189 491 21 9500 8784
3183 7018 7261 4758 4276 5847 2710 7700 3867 7822 2991 2422 38 3318 8258
3763 1067 9544 4085 7114 4200 1388 5340 1457 5167 3207 6919 6450 4435
686 7284 4597 5481 4189 4358 1582 3564 5836 668 9369 4774 5394 9065 3041
8158 8348 1635 404 6115 9721 3906 2799 9141 2950 1039 2838 1478 911 9883
6092 4817 6115 1372 4368 8691 7954 7959 3430 6497 5423 2406 5528 6222
7452 9012 1491 5009 1200 8390 5604 470 7365 115 6228 5854 5726 1364 1213
4387 7273 5265 7438 1911 2327 3426 7486 5742 775 6877 385 2545 7154 4500
6584 280 9214 5164 6612 7710 5083 3225 4956 3533 9190 8378 1119 7380
8965 1742 5540 2558 2786 6027 7902 8942 8754 6318 963 6560 6602 3320
9585 1578 7287 8067 5138 3151 1102 6297 3291 914 8406 4202 8677 4397
7236 1708 2363 1578 9014 5263 3040 2319 4264 7253 2705 6993 4768 4115
7664 7609 1695 8252 4726 6956 289 5885 8883 6383 6750 4913 5898 3249
2678 34 1338 4172 5703 557 9919 1710 8197 473 5194 8348 7505 6475 2607
3577 2287 2191 2621 4342 6344 5279 3442 2885 1280 1019 2701 1958 70 4290
2534 5246 4566 9871 9662 4156 2055 3703 9949 9003 7818 6191 2449 8396
7110 8321 48 2906 7865 3880 9167 3283 7422 552 7916 570 2472 153 170
2165 3197 2678 498 4254 1054 3547 1498 7333 7022 4055 9119 1895 5576
4436 2595 2200 4074 4729 6871 2401 4615 3171 8195 5781 429 8587 8533
1926 4698 1581 4199 3940 3132 9920 1531 7633 2796 2492 3885 8337 9751
8899 9603 4084 6994 2119 3703 52 2874 5753 7696 305 5668 1963 5040 7816
8903 3028 9573 6059 9 5279 6887 5782 1392 7072 1190 6071 8655 4847 3517
8191 9041 6332 2772 6570 3530 5609 8053 6217 4965 3005 1406 965 6943
7376 6663 4992 8701 3594 8877 601 2252 280 224 7752 6271 4073 9439 7241
4410 652 6185 9644 4941 7361 6342 6986 3958 9948 3124 2483 1055 3065
6104 3478 790 9289 3028 105 1962 6978 8375 621 9426 5861 5896 4012 8897
7204 3325 5486 17 2392 7333 5115 4900 1541 7691 861 5681 3871 3349 1302
7024 1058 9716 1973 4060 8134 36 8789 20 8578 8973 4284 8144 608 9485
4153 6055 3782 9235 7167 9857 7541 6588 867 3536 7212 5815 1167 6515
8919 1536 4458 4364 6760 3261 6558 3540 4265 7961 9897 6066 114 4772
5196 4687 811 3740 7377 1729 6744 5594 678 309 7270 9339 82 3664 7271
3047 9789 5606 1557 7330 6984 4446 5020 1655 9901 1647 4217 1900 1564
8516 7838 634 3143 8263 1218 8908 2278 4655 373 6850 8463 4261 7531 794
3872 570 3951 3096 3814 7409 6475 2609 7811 4339 2170 390 9397 4767 1324
1558 2288 7261 7484 4745 1160 4919 9239 7823 7252 1134 1022 4195 9795
3545 6711 7471 977 3439 9914 7875 5194 1680 609 4264 6797 7671 2023 2919
8660 2511 3980 2459 8688 8278 234 9859 5911 3539 4158 3829 9160 6174
4875 9105 9084 2856 5641 7172 7574 9118 4418 4409 5403 5120 8872 5215
1275 5805 8837 4234 9364 221 6786 4786 6318 7868 7877 7145 4176 3094
2574 744 824 1745 4488 6028 1382 2611 8248 9493 9393 7443 2461 6131 2828
5160 657 2915 5937 5227 5403 3301 905 568 8848 747 9765 5066 4245 2608
633 62 9394 915 5756 1076 7768 5084 7124 2879 1949 4297 6461 6464 6161
7667 6730 4558 5480 6310 5150 4252 9596 4239 7721 2624 5059 9156 576
3257 3882 7650 7153 9730 8741 8120 5335 3737 1492 2777 7835 2272 6362
4519 4798 8503 2040 5821 6701 9285 9075 6903 2169 7404 1218 1150 401
9967 7769 237 8876 3896 6843 6711 2876 8505 5201 1658 8172 7522 4093
3756 793 9011 7365 7187 8951 9472 5550 8338 5122 8904 4431 5058 9503
9382 9171 5844 6060 8596 5491 9400 2818 9089 523 6376 8379 156 8669 8034
4743 5918 483 4925 6456 7672 8844 1439 9882 4674 9153 2414 8108 7447
1963 7954 5010 9189 4316 1023 1937 5701 2758 7653 9343 8999 4967 5166
6123 62 3136 7134 2402 9132 286 1684 251 7988 3079 8108 9628 3667 333
4902 4135 4918 7685 7962 4270 4773 3867 4582 5470 2146 6 9516 5481 7109
7429 3085 1064 9955 3069 7303 9043 7628 6280 1803 8739 9255 7213 3016
7877 515 5564 5689 8016 850 9661 6260 6573 6559 2482 7127 9517 5093 6762
851 6905 434 9628 8134 5852 9050 572 5510 7951 6477 748 3571 8153 6310
7415 2377 8915 442 7779 704 7862 9026 7980 3472 1123 5393 1422 6910 2170
7867 2705 650 1157 4843 6453 3634 4430 1997 6868 3168 7067 2752 1058
6814 1874 255 6297 3969 2313 8382 9436 9726 3788 3899 3524 9293 8224
3070 7412 6101 3465 7615 2936 7007 2158 6426 581 458 1501 6103 1860 4292
3079 4454 9819 9247 9343 2807 3092 1726 7730 6227 1848 7991 7526 9358
3664 2674 228 5180 1895 9168 9407 6829 6931 3670 7353 4510 9287 2321
2058 7313 9217 4829 4406 9330 6228 7336 6307 6126 8298 8323 7715 8541
2512 2712 9324 323 4874 7421 6762 12 4966 2703 2581 6184 6234 9733 6609
303 5859 4129 923 6266 8709 2287 5401 7393 721 3163 2503 7713 6242 339
6500 3292 7987 4124 5913 4483 8303 266 534 4391 2596 8907 8431 9428 7254
5316 8040 1345 9255 7809 4938 1045 5615 5000 5759 5713 4510 1698 1017
4929 5651 6462 7611 8418 8340 6515 9119 6173 9815 3818 6841 5391 8918
9663 7085 5075 6211 6831 7788 6519 3439 3576 2683 4196 6392 4694 6559
4610 3864 9155 5927 3312 6523 3587 5691 8700 800 3731 9352 5754 1945
2933 3675 751 2630 2056 5697 7563 259 7429 8990 5099 1622 4172 4928 1264
9256 9282 7400 4614 1756 3717 685 2138 5910 3425 5432 7301 8019 4761
7048 1128 6452 3837 5938 4996 9907 3057 4055 2092 2163 373 1852 1182
6494 9429 4248 3601 8281 772 1802 372 6591 110 720 644 4607 4789 2703
6308 4402 3973 705 1467 8690 7666 5322 510 8816 6869 3554 8668 2777 5095
4729 573 2229 7807 3268 5281 3017 2740 2009 8077 8296 8788 7115 690 3026
5671 4983 4888 9107 8929 2778 812 5647 6975 7512 5148 1960 8292 3899
5510 709 2690 4992 2345 9596 2261 3488 7685 5468 5889 1560 3845 3191
3054 1650 6745 8063 4390 1481 9837 804 3586 4304 7643 5880 3491 293 5731
8263 4936 7183 7701 1062 4114 5417 8571 9449 3404 1247 8980 1076 9777
8002 2862 7607 6368 8936 2629 933 3944 9019 813 9082 4310 5752 5894 3389
5911 5178 930 257 6535 9115 1173 456 21 229 5358 9260 9303 386 3474 234
4955 8457 3921 222 7852 1714 1876 4685 460 8866 188 5659 4617 5426 3605
6039 8150 1568 9183 8778 3172 5260 1409 947 3975 490 8914 2263 9626 5975
2799 5311 4525 8494 3415 7145 9713 1401 7758 6314 8455 3216 2069 5306
1493 4290 6043 6462 1364 7403 4574 6346 4371 3601 7300 8131 7865 4270
4715 3331 2692 8783 8584 5116 682 2616 6445 1318 6175 4126 3205 9422
3566 6308 9507 3906 2199 2329 8071 8307 4361 6259 907 8763 4521 3046
9280 8069 4099 7271 1807 2016 6921 7031 1641 8506 3087 6322 3843 3527
5431 9788 2545 1627 2258 2292 8625 4757 4611 163 9637 7202 9177 7210
1819 9278 5113 2039 4274 8036 8703 1944 5700 4978 6853 196 4461 363 9612
4499 9623 3256 4132 457 4812 3130 4639 6585 1032 1254 8891 6510 7454
1431 9535 9652 5615 13 1769 5918 8865 3051 3264 4667 3755 2156 7339 7086
582 6647 3649 4844 3908 746 8952 766 4014 7992 5062 2439 5493 7053 852
7416 3035 555 8576 431 8432 5159 4168 7383 1276 1 1343 8794 3067 9218
338 4999 5652 8460 3252 746 6958 7727 4677 6174 1445 6029 8507 8374 823
2712 3841 1671 4202 7550 4412 5518 2563 5064 1142 5520 7311 1087 999
2329 2269 8841 478 1452 249 7749 5936 9558 974 8646 9396 2876 4839 4912
2783 1863 6260 1021 8923 6245 125 1178 3553 5566 915 9556 3943 8566 2997
1396 2295 9557 9798 8256 6932 1113 6937 7091 5699 8984 5157 4599 6235
3620 2256 5870 7862 6287 6897 9768 1260 4261 2885 3179 5591 8464 4938
3925 9950 9564 561 8852 6041 4338 648 8977 883 4989 7587 4810 787 3355
5440 7310 8860 760 4904 3281 1654 9591 6128 3090 2691 4705 9742 7893
4157 776 9123 912 3496 2266 3154 4991 7024 6930 9471 3817 7422 4424 6390
9915 8749 4389 209 1305 115 8215 9832 4709 2288 6253 6124 5140 4305 6813
3232 9233 2889 7673 8019 9315 5774 313 3993 5644 6908 1286 7777 5868
1346 6270 7877 3759 6327 1478 7570 6137 1126 2327 5301 3733 9617 9381
524 8788 8621 1842 8928 2754 8778 1865 8632 6383 1162 40 9054 1321 3762
213 5091 6544 10 9259 1063 7752 993 9859 3666 4996 9751 9928 3361 7892
9708 6082 3180 5190 618 4497 4883 8826 699 5256 2250 5967 2119 3456 4640
3552 750 470 5187 5954 634 7225 378 1791 6716 6126 1189 5245 8281 569
6539 5314 5571 2476 9330 7094 9607 631 1756 106 2462 9703 319 4105 2740
8407 7816 6646 9115 113 7061 5578 7492 5861 9154 3337 1117 9590 4666 504
5503 517 8159 3713 3454 8306 9316 1080 232 2604 8805 8601 4914 4451 3010
8716 1290 757 7601 8426 9071 9121 3889 8833 17 4991 6689 4576 2372 6335
3480 4655 2511 5258 788 9656 7629 5824 7279 6824 890 754 190 5569 2490
2010 2038 8514 2998 3869 8408 2801 5436 4091 8992 8812 2811 2256 1302
629 3534 5188 8469 2002 8350 1331 5227 3321 2558 4694 5904 978 5150 7248
2468 5916 9723 2683 8716 3537 7941 9142 6213 6378 5191 9066 9361 7925
8763 3532 8577 2678 3008 593 916 9513 1872 1428 8254 7602 6374 8966 292
195 2352 453 8346 5826 9589 2451 3313 3354 8179 4209 1857 1055 3279 4246
5704 4190 6024 2768 6515 2882 3238 1033 9798 938 4119 33 3555 1210 8429
5263 2797 2238 922 9787 1488 5401 2745 8284 3916 2896 7131 850 1486 7190
866 6427 4931 4475 1627 9454 3514 2206 166 6801 4445 2737 1476 4163 4512
338 6822 1919 5622 9332 6725 5651 2866 6898 9235 5273 2060 7269 8536
5770 4756 9419 7567 2728 2572 9370 3470 6933 3415 3948 2832 4819 6855
7359 2235 6188 3360 2346 3517 4786 5560 7941 9144 4137 5890 3151 3768
3009 9354 8383 2523 5649 1314 3086 1002 3785 8286 1415 2590 8928 2057
6204 4712 3385 4214 1179 4420 4303 5946 486 8062 1052 2646 7818 2092
8519 732 2747 3713 6745 9697 2234 6656 7595 5443 5675 2970 9297 5877
4657 8244 171 8876 2318 4193 4325 2394 2859 4450 5674 3348 279 3412 1410
4347 1342 5341 3070 1315 4797 9026 1381 9025 910 4681 5700 4155 6968
1966 4836 8273 1470 9169 265 9181 8216 4120 6356 4759 874 5229 1685 1742
9366 4845 8458 3681 6000 1795 2823 9569 823 9420 6777 3344 6502 4376
5961 2559 24 1550 8372 2070 306 6121 2661 1316 6810 2716 2468 6275 6015
916 67 3171 9406 8204 9398 794 2083 7518 1839 4626 703 7801 1069 7462
7185 141 7704 2064 9160 4371 5185 9948 5670 6134 4127 5635 4967 9383
9941 6198 2922 7893 5771 2560 3502 7758 6878 5764 1903 866 7496 3903
6590 1368 7209 3123 2415 1931 4429 5095 5386 3814 6668 5383 6243 6048
9393 8024 6139 8856 1646 6818 300 4453 4564 2102 3423 5866 8694 5801
2206 5323 6045 3729 3285 8796 6895 8074 350 5315 926 5847 4975 1714 446
4298 4771 5297 628 6302 3507 609 8508 8749 9730 3849 4468 4128 4786 4522
7821 9828 8303 824 4753 439 783 8203 3413 6034 6056 1090 8552 8839 7202
7751 5656 976 4059 9430 6069 5317 7786 4347 1063 5018 1815 6519 3536
4280 2503 2225 7382 7340 3907 4058 2184 3048 5637 7393 6047 5336 7000
363 3069 3781 6943 2237 1368 7027 3432 1198 9380 5045 8477 1933 7218
4534 1894 1697 1136 9756 8342 1486 2736 2900 6764 658 5125 3063 4652
3108 6442 4957 8286 3914 4930 5676 656 497 2377 9727 7171 7243 4072 6705
9570 2310 2691 1806 2886 9631 1194 402 4257 1137 7219 5725 1862 8751
3312 654 9372 1268 1574 5754 1303 7175 7452 8783 3980 4429 4644 6411
6913 817 8772 570 7864 1364 7439 3451 5397 9903 583 8095 3323 82 263
9192 4546 6695 2960 48 8016 4595 6383 8846 9892 5570 2975 1881 7670 3327
7286 1168 7020 8371 2315 3368 9466 4164 5187 4918 7622 9597 7446 4123
7408 6886 8562 1765 8813 3078 1938 971 6966 2667 6106 9634 4577 3652
1948 8305 8176 2151 9531 1195 8705 329 8831 8429 9223 2851 6793 7578
2335 4689 9324 9680 9219 9761 4475 8383 6690 2732 3595 5721 2320 1231
3423 7307 9423 2456 3566 5116 6187 3362 9564 5109 3726 1041 4698 9665
7760 3223 2942 8870 7975 8949 577 127 2579 7649 5028 5798 6566 6694 4136
3131 4830 9942 3730 7608 9200 8455 8431 7045 7914 1298 8445 528 1917
1767 8263 199 2073 3102 3860 4610 2940 6571 5517 8943 1481 7026 4861
3471 1656 376 5153 1958 8287 1053 3587 1706 1235 5866 8239 3330 1047
9252 4563 7035 2334 2720 7769 7510 4010 1113 3829 6330 4750 1166 5395
970 2429 14 9366 303 9281 8903 3139 3200 5632 7929 934 8061 3363 1082
6918 3183 8926 7508 1802 420 3938 4638 1345 7465 759 4567 6882 7364 3216
2708 7319 7295 7737 397 2455 8241 370 9606 5251 7327 3501 4392 9303 1851
3104 5907 6514 800 8204 9072 2088 2938 2246 755 3461 4021 1926 1319 6808
8951 4777 1320 7506 2549 8257 1890 8687 6800 986 204 7333 2725 7148 4260
7006 149 8230 3470 5894 4681 3404 2236 8086 7306 6950 6119 6098 3885
5944 8793 6920 4117 4635 4983 6407 9654 4020 2901 2940 5721 6427 5848
2768 264 5275 6870 2566 9936 4098 5006 5772 8556 8515 6575 9852 3937
2093 1930 3002 1107 7197 9881 7831 2572 2077 9153 2919 645 9255 8485
3297 1620 1986 5269 2305 5986 6662 2591 5381 2545 9607 9866 4280 8780
7985 1935 589 1288 7544 5937 1381 699 6406 2046 9828 9578 3916 3184 709
3119 9705 8798 9483 1205 7855 2388 7085 156 9993 3181 5137 1938 3978
6028 8139 1543 4202 2831 4232 5686 1816 1124 106 7669 176 6445 6968 5814
4984 4930 4351 1146 3118 5657 9116 5953 2823 2475 4907 4064 7488 1116
1102 1261 6881 2855 2041 8566 5157 2862 1984 3986 7593 9876 1395 6531
3944 6511 5560 7620 5835 9668 6077 7851 9665 9875 5053 3236 5402 9149
3014 5495 660 5258 1730 4869 1273 4432 9689 4494 4039 7368 2942 9402
1268 3490 9179 1585 1539 7300 1804 4208 9967 3305 94 3875 3036 7154 5016
7018 2116 9444 7048 3674 8140 7652 9176 3421 7868 7380 323 5340 3738
4970 2150 7817 7735 9363 7042 5300 7250 9489 5906 2703 35 5688 2687 4977
2369 676 4426 1361 9198 3693 7982 2901 2607 504 7429 8178 2321 7484 6322
5860 2278 4220 7839 9516 8764 8506 6669 8015 6057 7592 6893 1069 775
4942 5251 7858 6680 727 7598 3414 547 9746 5739 2570 2757 4841 2807 3633
7562 1333 8491 2672 8161 8293 5269 5018 9777 8566 1893 7513 9905 9396
2567 1708 4795 2253 828 7640 335 4786 2993 7484 4225 5151 5587 6205 5753
6915 2932 5334 3659 4876 2955 5548 3123 6865 2357 4310 726 6237 3771
5264 4625 3167 58 3986 9184 8314 1926 9438 4900 1418 5575 3041 8805 2157
6407 4459 8206 3619 1672 127 1964 4334 1071 1598 1932 8880 3445 7883
1948 1114 220 1387 7545 5160 8870 1329 9726 4508 9337 8276 2420 2467
3028 2254 8814 5874 8405 7339 5510 9645 6187 56 8979 1419 9884 2382 6193
487 2679 8568 2975 548 9621 2488 1279 938 5472 4973 7137 2861 2182 7904
556 822 4629 5268 4545 2783 1486 6809 2229 7349 7911 4936 406 233 8483
5734 2672 4804 6652 9227 2549 735 3586 5084 4003 2831 8702 4507 1185
8200 4287 8225 9372 4345 8993 1726 5920 9974 4773 3736 3566 4622 1038
6586 482 9593 6584 7829 4243 9168 4073 3218 4055 1617 1321 1964 7781
3169 8146 7227 6983 209 4666 800 1668 5865 6393 4465 5965 555 6236 5895
5848 2818 746 2395 7717 5052 8153 7296 4641 5123 9526 7041 1067 2007
5088 974 6269 4605 5311 4050 8627 524 3841 4905 4222 5876 7513 9745 7097
5470 6298 7790 6533 8068 2564 4684 264 8958 9563 3168 402 5634 8587 3665
9563 2833 3752 9673 7488 6740 1695 2895 3528 6897 9426 6517 2500 7417
5692 9472 1537 2931 1247 2911 7928 579 2588 6718 1855 7288 8177 5234
1216 9425 9301 657 1519 9550 2814 1675 1917 6724 9338 7066 1317 5440
7610 9918 3323 5370 8188 238 8005 1661 5426 7819 4237 1564 6101 8707
7877 4870 6708 5644 6360 4765 625 9903 697 9982 2718 5272 3315 1828 6583
4818 6788 1152 405 4639 9195 6654 4263 2890 8921 4685 195 7584 6236 546
9944 5790 8349 2009 5630 6454 4806 9383 8733 4940 1812 9442 8476 8707
5835 1263 4787 6679 2544 2559 6456 9140 8534 3124 6548 8319 4187 2624
5589 1223 7186 7117 4470 1540 2648 9912 5742 693 9521 3724 1078 21 4180
57 9370 6285 540 4133 7639 7837 5631 28 1419 5735 5607 2357 1762 8890
7256 3263 7336 9687 3939 4623 5380 5047 1046 9274 8836 1522 4287 9343
6414 142 2220 485 6785 3406 6789 5787 9817 942 9742 8090 9940 4125 9728
1111 9497 9711 1908 2399 6319 8365 4357 7974 3628 9296 3754 4476 7498
5339 4442 5431 4309 2561 8414 4852 4284 8831 8623 1307 5697 8542 7965
7896 5148 8253 462 9106 6250 6899 7153 7470 8092 1613 3612 4833 3528 878
530 7521 9601 25 1556 5010 7556 3832 7302 2818 2316 6212 8260 7549 4055
5384 9784 2040 3965 1066 7517 8001 4174 3463 2873 9221 5341 1715 2073
3527 2443 9327 6977 7530 1339 6215 8933 3100 2006 4354 9024 1411 6579
905 5219 9330 4484 2494 6032 1096 5742 5911 794 3249 2967 1495 1417 1800
8833 3004 8383 77 3048 7238 5797 5996 5463 3006 3512 8476 3706 8777 8705
2212 1962 7997 9188 5405 3931 8150 6706 7162 8500 5605 3348 1382 1096
3178 7914 7505 6349 5497 3274 9626 7858 2953 3543 5121 9847 6597 5657
4884 9499 1011 8836 2946 8722 2431 8829 564 5057 5411 4362 1230 994 7062
2396 9333 3895 2386 445 3746 3683 509 6874 3921 2502 2664 5665 9875 4294
9547 3487 5617 7527 4891 7298 5409 8544 8500 3053 1573 9461 8901 5475
2672 7455 7253 1907 5698 7195 5901 8325 7749 5988 3186 5361 5402 5578
3675 1675 1289 9857 7892 68 7057 9848 522 153 2568 4072 2837 8065 77
4554 7382 8643 5721 5756 7317 9714 6577 8513 5865 6084 3637 8136 8762
921 6201 1058 4735 3131 511 6207 2278 4412 5332 1027 24 2105 1096 8307
9289 1593 6007 2470 6554 4808 8756 7535 8844 8368 281 9077 9892 4567
9660 2824 6104 6718 5811 617 6197 2785 7496 4841 5116 8398 9227 7374
8197 2158 5459 6452 9082 549 8920 4887 9413 8183 4305 2864 7165 9812 564
5654 5312 4146 5853 166 2798 9135 3127 2675 8593 8098 8630 9405 6499
9261 8588 3800 2343 2975 7175 7655 8967 4227 2318 4836 9174 6012 876
1800 1708 1716 6191 5884 6142 9627 163 6978 5153 10000 2470 6829 1320
5791 7512 6374 9708 4120 631 5506 7896 2734 1316 1877 1620 7099 8180
7657 3467 3043 7136 3616 384 4639 7618 2092 9034 9539 6571 974 2514 9329
9705 5752 2760 2486 4707 6372 8890 2306 4069 2131 1409 6492 6197 7236
7226 880 2963 6069 6088 8880 8915 6454 6277 9606 3480 9940 434 1659 5849
6392 4753 8715 7576 167 9768 6445 8555 3468 4774 984 3857 9381 1676 1648
641 7746 5969 7019 7749 3506 8701 9029 3697 5978 440 4252 2197 5061 8173
5871 9104 4178 4772 7553 5346 9770 1665 445 3246 8516 219 8841 8787 6947
2540 4714 466 4759 9663 4973 6284 5382 3726 3330 8792 8952 7378 409 3140
4279 6283 8326 6081 6191 3890 2861 8693 620 6248 9879 2692 9350 4336
3166 9062 5904 3450 7541 8751 8277 4543 7275 9933 3487 1612 9063 9039
8568 3579 1852 3677 6651 4135 94 1818 7676 7850 7058 4561 1596 867 8849
1252 3240 5414 938 9412 3547 3807 4507 9361 726 9742 1213 7981 1324 3103
6805 6966 7930 2366 2538 540 5466 1567 9621 5478 8626 3275 7201 1270
6347 7189 9852 4476 6656 7157 4305 3070 5831 7086 7131 6844 9919 9493
7951 669 5941 9596 5635 2332 4892 2210 8068 8743 2646 3425 7523 3789
1304 5028 3463 1688 906 6264 6003 225 6043 9888 7634 957 8863 5966 8540
8110 3002 6881 429 8902 160 6325 9282 8562 8204 5010 3725 6537 2676 7319
3922 4189 5623 8002 7251 3068 1725 6512 532 2107 3059 1621 7678 5040
3443 592 6967 1360 2827 6773 210 9441 8723 2937 3808 702 73 9501 2583
9383 9392 1369 8218 665 9352 1002 1960 2493 1826 1026 1154 6562 7137
3382 1449 4495 3402 7722 827 4232 1186 9870 6605 1155 4422 396 1653 7229
9056 4862 831 2357 6795 5622 9357 9879 1353 6039 5488 2388 7826 3148
2899 7745 7772 4047 5575 8241 1030 970 4487 1582 8277 7641 2473 7059
3273 7118 1570 2 53 8376 6078 5932 5164 9051 8718 4159 2100 3524 3219
1274 2776 2291 2677 8271 2453 8361 203 4284 2087 8011 8690 4983 5303
7037 2539 1680 5381 7388 330 9913 8071 1257 7659 472 3204 4040 3789 1935
7388 9483 7511 7357 41 6589 842 2969 3863 1198 3371 10 265 6197 7293
4941 3513 9314 8835 4624 6765 9810 3017 5323 8116 5003 6123 3745 7739
6068 7322 4367 9707 4020 3871 7367 1184 2396 4536 3896 2771 4882 875
2611 2407 6110 7851 2416 3129 6814 3758 1771 6535 2044 2547 2562 5227
1012 6832 2080 8724 7886 1165 7306 6720 1307 2636 6448 3611 6978 9196
3466 3816 1024 9681 2715 6460 9273 388 2289 5105 3998 7087 8593 4927
7946 2619 9510 6203 5329 5459 3183 7088 3549 225 9541 5200 4148 5703
5821 7233 4049 5754 317 4612 8462 6861 3891 8163 4718 5575 7451 8794
1436 3352 4524 6330 9661 3783 9498 3420 2810 3178 4765 7903 4412 8989
6531 6913 9192 1019 5559 6455 3704 9126 3383 6814 1928 9514 6442 2328
9659 7967 8305 1820 903 6195 9100 218 8519 1425 4922 335 1082 9466 6363
2652 2652 9932 4273 128 1910 9505 8425 9674 4085 1896 1697 2482 3760
1013 4511 7071 27 6245 1197 7110 551 8032 3607 7658 2681 3248 8252 7300
1365 2854 7305 6545 3073 8406 9598 9861 95 7107 5213 8461 3429 3126 1968
778 1251 7066 1719 3293 8304 7306 8211 3120 7806 4440 8350 9712 8368
7641 50 7423 7195 765 8248 7972 9596 4323 3106 3494 4392 1412 8010 3244
7799 9317 1029 4418 5205 8049 4725 9072 4716 1004 8443 4323 2182 3089
3787 3102 4775 2547 555 3271 2496 4959 5862 9140 4754 2806 5126 2699
9783 3400 8461 5685 5025 6938 8262 3950 1923 8003 6740 8625 1616 7029
4871 5358 4291 3950 4296 5561 4994 7543 6502 499 9998 1648 5768 5507 401
7415 9113 2153 3791 2388 8707 7915 640 6505 2079 1157 706 4113 2328 2440
9902 8078 3935 312 5140 7919 8027 86 3216 344 9949 8440 5908 2506 2481
848 5572 298 9897 9054 3314 5327 5641 7704 7887 4700 1661 2316 3784 185
2215 4218 5660 9182 5555 2302 6062 7315 299 2494 3087 9264 1998 39 5004
8175 31 8823 7721 7481 6780 5561 5612 4075 2157 4729 1722 1994 9847 3713
4727 739 9157 2214 2653 6121 1143 276 3757 1444 1506 604 4668 1419 5558
4221 4316 8744 3426 4808 2677 7491 9349 435 6073 6576 4774 290 6688 1886
2068 6299 9545 6596 8017 2944 3096 9254 8408 6784 300 1626 5994 8866
8315 6718 7582 4414 8889 1608 1481 7675 3738 5823 7109 3711 2271 6316
4116 3829 4105 9078 5303 281 3330 3137 8944 4775 8764 3897 5283 274 3484
3541 3404 9151 4248 3334 8824 7857 9045 8076 3241 5116 5530 3578 9855
7304 8043 7599 7209 5765 63 1714 7052 3211 9981 8131 6473 7838 4394 9169
9481 1817 5623 9871 2698 7038 2448 809 1704 4567 4734 2963 7021 7007
3748 6980 4261 4963 1439 796 4827 1274 1806 3436 3887 6603 7928 7978
5705 4907 5995 2836 3980 8048 9119 2488 2857 806 1446 6898 8450 6244
5926 8204 7146 315 9837 506 4569 1278 2182 4547 6198 9932 2554 2780 9502
2888 1316 8668 9879 1466 6276 4330 4332 2860 1657 2207 8849 843 8766
6244 6657 4182 4710 7366 1795 9980 4534 7604 1138 7838 7632 1263 5346
3975 8918 102 4110 3819 7132 8549 1495 1377 5647 1829 2871 395 2832 7709
2388 4188 7740 1203 8343 5135 8178 2135 8971 7489 195 2516 3554 8432
2361 5126 6991 7959 2855 5322 3684 2748 5452 5677 2624 9560 2815 2428
6393 8335 123 736 8068 7146 2904 3152 9008 1619 9982 1754 2833 6970 3520
77 8457 8841 6449 6364 9522 4151 1139 8205 6555 8283 4258 821 422 5570
9305 3476 5661 5773 1711 4615 2741 4553 939 5302 2036 8678 2046 597 6370
5729 9375 7225 6788 8621 2530 6069 8789 2903 9614 2785 342 7524 1945
2283 732 8847 3027 8327 6892 6573 3 7939 7739 659 6453 2156 6401 17 7463
7318 5684 9430 3868 960 4103 7992 2455 324 1029 2583 2024 3951 720 4898
2587 3616 9159 6798 6997 8116 2913 5709 5758 9851 4895 4755 1814 1732
2322 197 756 5358 6769 9602 8183 1049 3628 8849 5122 888 5420 892 4353
9554 3540 2411 1806 2237 428 8487 4234 1477 9181 566 217 5795 3337 5224
5615 2675 6068 9799 5175 9874 774 1482 3561 9036 4895 2154 4380 8892
7275 4548 6340 6697 1864 7847 4288 8717 837 7699 2396 8367 2166 9219
7508 6434 188 9698 5972 205 1697 5670 8852 3032 6656 9537 5991 2866 6041
6434 6139 5586 3955 5775 638 5815 3199 3876 2437 1114 9163 8605 4029 289
9464 6377 6779 5223 2395 2476 5842 8511 8091 5656 2426 4102 9578 9165
9090 1727 9176 6388 9484 7001 2065 6872 3406 542 9516 2912 4646 4484
9589 582 4704 5990 2857 4078 1924 421 7808 3258 968 1678 9902 2404 2163
8528 3345 1143 6765 6031 8099 672 3161 188 9689 4874 4375 4955 123 1362
2315 3006 7724 6102 9643 5429 790 231 8636 1925 4939 1829 8161 4131 9174
264 5978 5486 6307 7879 5481 8868 533 9127 573 4573 631 5133 4458 1327
7532 7426 3421 8562 6865 3942 2773 8251 9146 9583 687 1724 4247 7208
1157 8305 8202 1713 7726 7260 8727 9669 780 1669 7085 1441 9797 1228
4810 2320 4990 8021 1393 414 7574 2823 7141 1244 144 7244 9228 1672 3823
8845 4777 2112 8046 2702 1474 1116 5875 2426 7022 6189 3891 8892 7137
2476 3133 2495 5959 3253 528 6433 6593 3223 6312 7102 8525 8296 9519
2672 752 3622 6697 8149 6496 2333 5979 2237 7583 5473 1803 8849 9504
6015 2526 3996 3964 7320 9584 9672 1197 6788 4159 9172 4726 456 166 4399
7786 490 7036 1200 7977 8543 7797 2374 3879 7818 8269 8011 3948 5007
6413 2789 4736 5522 6237 1460 8178 3287 4272 8261 6008 8260 4034 7521
5824 5195 5831 423 9046 3747 4457 3859 9074 4744 4689 9995 3635 8006
1121 8998 6317 6155 4100 5278 4069 7022 431 6958 9180 7801 2771 1721
1990 9147 9807 7778 4621 9422 3464 4144 2299 6549 3738 6312 6591 2732
8121 9764 9726 6263 2829 3957 728 3175 6456 1343 3332 1747 9866 7606
4375 221 2596 6404 4307 861 7334 9943 467 8401 3531 921 508 2974 6987
6360 9010 923 6225 9622 4555 5154 573 4844 6194 733 7691 2831 47 2525
3383 1688 8245 8229 6424 2771 4051 9463 1458 9704 3985 3444 9376 826
4126 8533 2463 4733 1860 8071 9237 8534 8087 2937 8229 1591 3254 8771
9719 3762 4908 4652 8999 5351 502 7642 2306 6975 2369 2583 977 4136 5250
9835 4426 5396 5991 8610 8260 4999 9759 290 6929 4558 7808 4907 3555
2143 6024 7178 8046 6983 9127 8296 92 7824 9320 9317 5767 7471 2482 9544
1952 4141 5163 3957 500 6665 7507 9527 1664 9488 750 5971 3120 8592 547
3802 3487 3876 6997 5143 5671 2466 3134 7065 5517 3748 6384 8845 8116
8981 6837 8295 7519 2427 1398 6697 9889 8238 1339 2390 2136 8401 7520
5677 8800 8958 2964 2949 4752 1232 285 1074 2608 4596 3208 3648 8905
6481 7024 3801 3711 4759 278 5388 7062 9748 4390 6779 5994 5671 3810 885
4525 6411 8383 6254 6633 9369 1957 1176 3693 6986 4626 1485 1633 6102
2607 8354 6925 7108 7606 1150 8460 5062 6810 980 2136 9964 6858 8916
7492 3100 7824 3090 8188 4678 8948 5788 9218 8055 3889 4700 2450 7715
9074 258 6964 1358 2062 7370 4398 6382 1065 5203 4490 6723 8398 3466 851
4857 8520 9076 76 1814 5233 7308 1094 8475 1624 7943 5194 599 2265 9992
3107 1420 7194 6614 9675 2144 3005 5859 6834 7255 9645 2317 9401 84 7318
5613 673 5215 4051 5129 7265 7765 2482 1666 6651 9253 5886 479 4410 150
5159 3356 856 1133 6517 8568 699 7450 8809 8758 8693 1894 2020 1884 4818
1176 9649 8739 8624 9777 8483 3594 7265 5179 7873 9215 2534 4214 6230
1335 187 2512 80 8210 8601 7954 3772 4203 180 2727 8611 3802 2588 8361
1277 5330 753 6163 2663 8390 2647 2954 5925 962 257 6972 6113 1184 2958
5638 7144 191 1843 1221 8792 8866 8100 5665 5343 294 3388 729 4703 5412
636 9344 8820 155 435 4851 9262 9807 1524 2363 2974 6547 412 290 9265
3834 5379 4376 6809 5577 7756 7715 6644 3350 4476 4482 4618 7370 952
7540 5039 9137 2414 6108 8418 8714 1114 8384 8364 6833 5993 2632 3451
7617 504 7635 9258 900 6246 5671 5079 2241 4391 4398 9887 3206 1663 2048
2188 9500 1544 7268 9971 8217 1636 7170 2846 9836 1820 4014 6746 7630
9089 36 6664 1677 5562 3055 7557 2361 8812 3298 9348 6968 3114 2633 2687
2986 466 3162 5620 8503 4150 8474 9179 7579 8329 3513 8647 6037 2282
6310 9349 8625 8573 4454 9090 9088 1549 7091 5305 1252 6906 4745 2503
8398 5076 1458 7704 386 1924 850 6187 3867 7350 1228 1820 7305 1566 7003
9628 5137 6500 6567 4140 3586 2119 8979 6771 5628 6220 1628 4234 8380
5664 3992 7291 1880 8315 4765 5493 7961 967 50 7146 1505 2856 9859 3786
319 6451 4586 8665 9843 8368 4070 5088 2944 5520 9506 5680 2969 9409
7240 746 7743 6907 4966 582 5479 1069 8182 2086 4609 2154 1180 8218 4647
9834 5189 992 3931 8664 4226 6571 2111 9559 5186 7767 6005 6171 5845
1918 3520 5380 6758 7706 6949 8734 9843 4819 6224 7622 6497 3294 3117
5281 7453 1678 7892 8220 8521 8764 4964 7392 7247 1727 3286 6287 6831
8039 3224 9566 7081 4300 1690 9078 3992 631 5835 7790 5849 3324 5998
4751 8901 5739 6341 3827 151 1408 1720 9442 3942 7102 1568 5148 2111
6591 6913 4390 7976 2947 1114 386 7101 5922 8313 5927 3814 7979 7446 483
1781 9046 8825 8433 5213 6202 8226 6186 4173 4761 1484 5125 9501 8680
5733 3031 8629 6810 5220 5424 288 110 4773 8754 410 2607 5192 4834 8284
5202 4170 1357 8448 6336 8132 1535 5635 237 4743 5048 6828 9320 2211
2007 1975 4514 8418 3054 7978 6604 8797 6936 3780 267 2084 4444 7465
1525 8152 7326 194 2204 3470 2414 885 3280 9572 2972 5661 2756 4095 6839
2574 7785 6823 6410 3553 5645 1240 6269 20 7833 3661 7639 3047 5613 2585
4208 3918 8337 9989 9980 2052 7321 6280 5227 3777 7374 9650 298 545 4042
9484 3006 9537 9993 5179 2512 245 4264 9992 2539 619 4080 7896 5475 1805
6415 8476 6141 9365 4471 1112 6659 8768 6708 24 1169 2539 7842 7435 5207
6875 7564 4079 371 4454 1395 6955 2391 7415 4163 2385 6825 2063 6822
8457 2409 6026 8220 2647 5052 2159 5998 5840 7042 6346 3913 8771 6922
7160 8300 1239 8836 1382 3114 4262 4092 6809 2955 731 7354 5686 7789
1664 9608 4749 8189 9516 4392 8669 6436 6453 4578 615 2840 9896 5397
5177 9929 6569 36 3463 5514 9793 5790 5670 6366 8791 3685 4971 5182 9733
7477 868 2340 9427 8728 5372 5667 2942 8929 6241 3188 3148 757 3908 4802
1317 9159 2090 3128 995 1547 5027 6252 3121 6122 7930 586 1552 9923 3768
1188 7387 1234 3944 1400 2604 2898 8982 2425 194 3585 3684 3972 8626
6968 2933 4452 770 75 487 2812 5307 5209 7164 6321 8229 5749 478 8151
1298 5713 8027 9379 1713 386 6183 6142 4390 7949 8754 622 2847 1880 3880
3463 7027 2258 1188 6465 890 2963 2220 6727 1857 3007 5745 4838 603 8910
2656 7071 5477 5260 5546 7286 8015 2491 1460 615 8659 7403 7279 7012
4571 5387 428 2543 8339 1488 9305 2481 7223 1305 3498 6230 7479 4871
9453 141 4375 8502 3135 9991 4687 4055 3012 29 8711 2203 4145 8166 909
2866 5117 9943 8873 5743 7380 9388 1719 5706 1423 9106 4937 6120 5828
4391 4524 1882 9134 3750 5014 4968 7796 6555 7218 1773 9785 6654 2386
9617 4040 9102 3608 5883 8366 4779 8136 2434 9006 645 1049 6729 2247
5676 236 7658 3245 7013 2872 7004 6792 8857 7695 8998 4131 1081 1403
5770 169 4455 6504 7729 7772 4773 3622 6703 7887 1322 4624 7769 3883
4862 5350 2776 6523 5460 6545 8672 7594 8573 5481 3467 2886 5673 7849
839 2575 7491 3793 5694 967 7311 2271 5091 5633 9990 2251 5120 4464 7479
5176 9856 6106 8549 5487 6648 3734 3319 9587 9578 7782 1250 9158 2146
4903 8134 168 2494 9546 2826 6974 9553 9111 8482 3083 142 9809 3342 1439
3008 3108 5455 7705 5397 8497 9490 3167 3234 3071 5790 5192 5639 4233
2700 7787 5516 1083 3867 8884 7007 7364 8120 4728 8412 984 6438 4936
6809 5013 731 8281 9360 2360 4212 2988 6761 358 5293 4533 8609 4300 9576
6672 4270 6531 153 6487 2617 8483 3524 5180 1438 6807 6568 3179 5239
9519 95 6300 9511 5142 53 3585 3210 3922 8839 316 3686 7158 6882 1893
8925 8636 4978 6711 134 3473 3375 8322 5740 6709 5165 3133 4073 3540
1136 8930 2275 8642 9587 4454 8503 3942 820 873 5358 4410 394 9296 2006
7815 9092 2300 5705 5 8319 923 8253 2665 3318 7803 8831 1717 4243 1455
1038 6377 2913 1183 5405 6675 3725 6876 6467 8445 5652 7730 4 3861 4832
4050 5802 3824 3278 9443 4873 350 9354 3885 2716 5014 1651 8810 8552
3522 6020 1612 4022 4061 2275 3110 8131 6834 2755 6010 4146 4551 2327
9208 4699 9282 3613 2168 3562 4159 5971 2434 1460 8865 698 5841 1348 95
3814 9721 6160 9164 4353 6447 6482 7840 2073 1988 5924 4335 2398 4417
6987 4609 7185 3262 7684 8932 5603 3825 4735 2431 7160 1042 5352 8121
8889 3706 5482 5486 1987 6133 2732 3022 2260 212 3417 3307 5361 541 6529
6463 5158 2427 8458 7393 8229 1436 7881 5129 3863 8152 8953 8433 6628
8223 6392 1328 9397 9215 2784 6510 841 4307 7192 6708 1118 9128 4827
4380 4710 8106 4775 5707 6979 3170 1537 8225 5198 2568 5067 1886 2155
7386 1098 1018 4898 979 5286 1256 5088 7878 2279 9431 3684 2292 4482
5987 9047 7999 5373 4620 8944 578 3878 4823 5234 4336 6856 3181 7289
2005 266 3650 7852 7972 9233 6551 3000 8933 4186 4912 1546 4827 3037
7217 19 1735 7694 8428 8646 3424 2187 9833 7549 9434 1623 5986 3223 8157
5187 1607 3721 6913 4178 9926 9223 4117 5167 8024 6940 1797 7674 9631
9717 2996 7057 9032 791 2206 2756 1086 4296 2597 2261 6265 4079 3208
1205 7245 9029 4220 1142 4891 3649 6179 6042 8610 4276 3802 8632 8935
5302 382 9868 2188 5572 1649 9955 6183 7321 4321 7635 4190 9973 7930
9557 5918 2620 3771 8291 9889 5723 383 2140 1745 8830 5809 3822 4392
9839 5189 7600 2121 4212 5375 3950 4162 1586 6588 7707 129 9458 9289
2621 8514 2599 8220 656 8583 7795 6637 561 7993 1073 4211 2213 215 3769
3900 7248 4544 4926 3599 5456 5934 5207 7051 7650 8527 5160 9871 6987
9780 9276 3314 9150 811 9416 1930 5124 4710 2914 8803 5047 9929 6351
3256 3344 1616 458 133 7378 4672 6835 9040 6098 9023 6899 6149 6178 6775
2153 5847 3667 984 5275 6554 3626 2015 4680 9359 582 913 9995 2236 9721
838 7688 6679 2093 3177 3965 7858 2802 7797 6832 9836 6393 3898 7199
8815 6274 5751 6097 3811 2985 6651 3977 268 5273 8524 1471 4405 2150
7138 2121 3074 4800 2926 6523 2937 6685 6999 9323 3028 4867 429 7368
4972 1575 5969 3842 8762 2539 1664 3961 7897 8700 2611 1027 9101 1306
9514 5060 3323 5969 8934 2293 1608 3872 4139 556 7843 3215 5422 2577
9482 5528 340 7770 5264 7848 3236 1919 960 9034 8869 4744 8287 70 439
3127 8688 9590 8438 4783 8914 3101 962 835 4964 2779 316 6494 7497 9467
1493 9794 8237 1723 4415 4634 9917 9167 3810 2464 636 1165 8982 4311
6721 3826 9795 8700 3891 5952 7662 2532 6180 3120 9423 7990 7937 2853
9639 5778 3451 2726 7237 9640 9480 9189 4518 8332 2174 8931 9716 3235
8997 2885 7825 7261 42 6540 7004 431 1889 2732 8647 6438 8248 2141 6076
5396 6146 3757 3713 3599 4211 5208 9805 4159 3012 4920 8847 2723 5011
7124 1787 4211 2447 3831 6670 37 7203 7914 8525 3636 6203 1673 9395 2338
6273 1280 7064 5334 7908 4022 5457 3140 3164 6986 6877 7248 2321 3258
7209 295 8949 6071 3301 9629 6297 7699 6244 6032 4202 8493 5290 5493
8560 9028 2644 6157 588 8632 4047 8948 9944 4310 4984 1078 6969 3136
1845 1650 6123 5761 1313 26 7456 7843 4161 954 3532 5640 4039 9200 4187
7283 482 2106 4075 2011 5793 475 315 9329 1089 6808 5779 5450 4691 7701
7262 3836 4229 1254 3891 2903 9601 7910 3946 1689 872 4064 533 4823 9730
8224 8007 2903 7021 236 2209 8418 9764 1416 9987 9455 8004 8200 3887
1881 2621 1766 6225 2347 7040 7253 5981 9552 9593 2907 714 8846 4681
5699 8651 5103 8359 4130 2074 929 3620 9339 2898 3830 4187 4093 7773
1909 4873 1529 3093 3587 7593 4688 1888 3785 2094 6396 2421 9385 4942
5093 1508 9418 6038 5642 358 7925 9992 5943 9396 3344 246 2575 8028 9776
7227 6340 4693 2544 9247 410 6630 345 811 1777 5922 4293 6255 1849 6230
9961 5428 9782 5927 9420 1458 5526 5477 5409 337 9920 8440 995 7553 2945
8219 1090 4588 9356 6955 2568 5902 7753 4953 1821 6978 6717 2516 5495
7603 9990 9389 773 9142 1503 1197 5976 3785 8635 1445 9352 9992 8100
9443 9190 5116 3125 8158 1728 5776 9609 9805 6752 8444 2050 2568 9940
5368 619 8911 5230 578 3202 7806 2376 6396 9644 6175 3279 4878 5911 5722
3407 2375 2082 1840 9173 1039 9444 8890 5464 4017 4629 202 7347 8773
1532 5018 2154 5564 1480 1869 4494 4654 8975 7172 106 2498 7492 9621
9450 4652 8307 4075 1570 1382 6025 800 9772 7746 8844 9246 9056 6191
6685 1589 2922 6314 7110 9767 8336 1666 724 8053 3543 8680 7785 4143
1676 9637 9827 186 5104 9495 3336 4866 4875 8822 6186 9701 9443 4884
9122 2960 1589 1091 8528 3961 2442 3953 349 1289 2432 5801 219 9079 6848
7474 4330 5225 5025 8900 2579 7196 2424 5384 1065 9367 4491 5606 30 1757
9020 985 870 2440 3035 3005 9545 3769 269 5106 3519 6990 2911 1838 6519
3722 3114 2 3264 1509 735 7604 7494 8829 9716 4849 589 9164 3719 9928
3413 3138 5031 8119 4220 5162 6916 2482 3699 9733 2614 9275 4651 9060
5116 2539 9385 579 9139 2450 343 5246 4392 2947 3600 7651 3203 2851 2160
7803 4799 7914 7972 9041 6077 8540 1919 2574 6907 1772 5741 2857 5424
868 8945 8080 7625 7003 3443 5924 8382 8400 6611 2631 6507 3116 5771
1328 9331 9829 3581 6164 1472 7181 3121 4370 4992 5866 5685 1922 2682
548 4987 5013 4660 8580 7638 3181 6510 8125 640 3897 4666 9807 6228 176
7730 3823 1384 8206 5718 4573 3016 204 39 3739 1446 4046 7524 8703 1525
3363 6213 2616 6818 8670 4079 4541 4840 1115 9919 5469 4884 4767 6764
7029 7547 6604 5597 5992 4509 7724 233 1502 4204 3655 7999 5352 4892
6507 4703 3991 3198 2305 4689 172 6552 2246 7775 900 1111 7099 4474 8715
6743 7011 1610 2356 3853 9811 3408 8416 9352 4901 8207 5709 7953 1634
7838 6049 4208 7145 8060 8819 2688 3208 8084 8839 9913 9301 5281 7278
3283 7594 2027 4280 8217 5872 6215 7814 6309 4255 9035 2542 1882 4259
1483 7854 2426 7590 9800 6378 9115 7534 5812 4714 7912 4393 5544 2999
6401 2647 224 3251 9624 6663 5645 9762 9420 7882 4784 6873 8996 8598
5193 822 5663 3845 2884 2164 9751 8994 2272 9650 9453 294 7886 315 7735
3659 9623 8642 3099 392 4387 4563 3465 7137 7879 2729 3150 3540 4736
8196 3632 4520 9406 5512 416 464 5363 8641 9163 2746 2050 6671 4318 6850
3347 7492 6509 5955 5420 1117 5692 4601 652 5431 193 6460 5382 4150 5715
1527 5214 4919 878 2597 4213 2412 7254 3780 9961 7156 5792 3260 5061
9097 5362 2417 2691 1616 8722 7892 4626 6816 197 200 3349 2453 8750 4919
4701 6963 5107 78 4396 9924 3603 1484 473 3035 1700 2535 4827 6656 5235
7765 7037 6421 1135 6950 3052 2881 126 7649 3452 5689 4590 213 6718 345
5830 207 5872 9293 5876 8103 2462 3121 2313 9738 9168 1552 3287 936 1067
6337 9472 2856 6214 6610 7902 6521 6412 7435 217 1241 5618 2520 2418
6151 2797 2814 6232 4856 8201 494 6115 3099 3547 875 4515 5468 2938 7157
4932 6469 9482 19 3768 1203 3779 5474 1839 2726 6643 2543 6134 1273 2267
7535 1386 3124 6852 3171 8224 9897 8331 672 1582 8040 1508 818 1246 4332
6069 3124 3865 5195 1930 3623 8659 8574 2032 3219 7974 3087 4695 4750
7887 6873 2552 7828 7147 1627 3997 879 3377 3636 9088 3799 7195 5095
3069 4870 1873 8577 1200 5571 9693 9605 8149 6073 2243 4021 6180 2701
4333 7568 3275 6847 8910 3534 803 7824 2315 9669 1840 8695 1067 8848
5674 2702 2153 9357 1768 6075 7382 8247 6307 9664 5735 779 722 1303 914
7585 3918 6033 809 992 8442 677 6825 758 5078 3698 9747 6677 9622 1238
4927 992 988 9598 1072 2882 6756 2856 2455 2380 815 4455 7190 5601 8599
7595 4864 3943 3973 802 3958 7629 4238 8433 4827 8200 4592 728 9119 1449
2380 137 6580 102 3445 2091 663 5452 6658 7481 5009 8658 9235 5149 8082
1775 8615 7254 1547 385 4793 2592 6155 7174 988 7709 6870 7666 6925 4742
4344 7231 3461 598 5928 4001 1913 7619 5145 2469 6350 2248 845 7165 4632
1929 1970 8389 7650 2419 5671 9488 1598 2027 1786 7317 3778 9350 2749
5497 3759 9827 6602 6098 7418 3449 1845 8249 2848 3502 3821 5678 6552
5532 7692 7752 1636 4186 8603 4504 5982 4188 4652 5504 278 715 432 3852
1011 4858 1803 1478 1205 3181 3234 699 4027 8202 660 3275 3368 9660 1372
9794 1103 8722 2590 4637 2300 2753 8916 6480 3127 4999 8009 9555 7019
910 7686 8219 9000 7306 5341 5450 5624 3609 1814 4204 2806 7242 4970
2063 720 4064 4122 4788 1103 5924 834 1700 2333 8628 1186 6891 71 1063
9264 5815 1899 188 3494 2895 9193 5149 7590 2204 8359 9836 7552 6609 516
6125 4977 5261 9824 9449 4676 694 8468 6819 6607 3001 418 6352 2910 7767
8387 4748 7731 9358 7516 1014 6907 9880 131 8450 6646 6985 2612 5539
6097 567 5628 9053 5155 9346 837 4454 4595 8633 1951 3364 924 1483 4914
4385 2928 9129 435 4640 9136 1779 5329 7467 8902 4114 9678 9688 798 7171
6576 1103 9262 9768 1332 3981 1635 4467 1385 2151 4309 6417 5904 5940
6275 3158 416 3938 6832 4043 210 2988 7842 4176 6847 1490 4294 4209 2998
8292 8793 5682 4773 8615 2549 8998 5102 7146 4951 9150 6197 5546 1336
5505 2591 5508 4934 4026 8786 530 5207 8824 614 5321 9714 8606 5083 4411
846 8200 5217 56 1074 829 4652 4902 166 9059 1439 4876 6564 3174 6023
3804 4179 7549 8347 4186 1842 3484 2411 5125 330 7798 6816 6436 3444
6163 2140 4966 5633 5971 6639 46 9754 4062 4292 4043 1489 9096 3836 3733
4752 6529 5211 3318 9180 8214 688 5441 7146 7605 9291 6421 2578 6321
7203 1091 7119 1219 2769 1992 8635 6588 6349 3156 4041 1119 3463 8784
3344 3090 2011 9206 5425 6051 3649 8539 8798 9517 4397 6352 6782 1801
