885 186 499 308 974 154 454 59 991 686 970 75 475 398 788 557 339 35 527
178 16 797 736 659 410 48 865 604 194 289 476 374 371 813 92 693 415 908
72 903 777 349 614 783 799 367 126 627 149 59 529 156 312 198 847 975
298 281 720 778 713 882 579 331 879 266 458 675 311 29 180 787 963 744
596 559 153 246 599 214 647 37 923 645 802 119 754 894 512 793 110 243
646 838 169 848 645 226 432 596 919 664 228 838 511 863 235 799 573 301
70 89 741 202 286 749 567 702 485 80 874 450 18 171 890 374 144 623 306
951 288 402 663 266 722 709 584 855 540 970 190 670 374 951 540 993 815
362 385 211 128 881 410 415 314 662 847 951 552 167 88 767 837 438 488
707 737 499 550 143 652 61 43 957 387 236 485 131 659 281 103 116 574 38
12 934 768 419 877 686 89 192 124 197 898 341 507 791 463 261 999 807 70
702 782 330 829 162 43 230 691 133 772 104 240 25 565 634 187 306 676
763 897 134 80 570 362 539 845 470 431 561 622 814 139 9 665 166 1000
561 852 918 714 709 419 686 120 125 378 564 790 892 709 8 648 476 253
942 384 133 361 689 82 512 517 58 510 159 582 599 671 534 372 950 97 401
947 392 191 159 685 80 314 981 733 210 844 801 968 989 151 771 16 608
848 883 877 248 721 614 149 613 339 736 650 901 351 963 864 521 834 267
232 423 254 267 955 35 337 920 48 626 978 716 510 471 776 790 37 743 932
670 3 180 930 868 715 116 163 557 828 293 822 732 77 892 244 108 649 613
765 845 686 75 141 309 157 535 321 515 815 976 106 581 117 140 970 691
316 223 717 36 608 674 746 820 558 787 179 794 950 667 690 434 898 408
727 47 106 429 629 757 558 465 160 406 181 750 702 975 544 655 454 379
972 284 128 874 543 667 657 815 324 370 137 744 103 369 401 275 158 621
467 152 481 182 254 42 209 71 548 46 517 709 926 663 277 531 766 74 385
596 104 532 852 381 987 800 171 958 65 765 699 909 45 729 482 377 501
805 851 476 742 386 536 816 490 418 542 888 362 573 296 498 726 925 409
477 904 339 740 905 132 862 255 258 273 23 523 986 459 218 725 812 577
688 60 554 112 788 124 863 183 212 409 584 841 349 336 669 505 631 190
559 164 104 742 797 188 688 945 909 595 826 501 878 634 424 127 827 990
259 470 839 998 253 343 843 576 299 445 878 529 671 366 485 555 560 103
754 754 958 108 91 729 801 334 601 946 459 89 772 62 12 297 494 511 686
930 822 556 314 662 847 833 964 567 812 480 468 569 6 417 909 425 331
681 813 859 43 672 824 163 603 274 861 886 181 715 495 522 296 107 367
947 933 52 944 485 904 938 985 957 601 153 740 163 210 296 371 836 103
820 236 582 268 473 62 44 292 738 167 347 201 853 679 770 866 989 177
417 195 632 900 552 927 203 805 172 381 479 340 68 15 741 476 583 299
898 317 237 772 788 419 386 892 465 181 203 769 960 602 571 827 659 716
794 303 951 902 135 676 863 199 165 671 294 297 485 624 927 146 863 256
615 604 25 183 218 59 585 419 948 494 20 125 206 531 369 300 660 231 321
648 8 373 491 892 295 232 340 762 309 346 350 401 890 807 757 114 692
298 486 64 330 411 598 10 977 497 451 690 750 275 883 73 182 749 641 606
92 709 744 934 830 28 276 308 441 172 824 139 100 16 337 451 53 757 258
73 144 877 181 733 98 829 717 99 502 539 245 615 510 469 111 982 866 439
883 257 622 402 318 82 354 207 282 657 749 427 341 396 179 286 541 342
466 124 312 934 891 419 764 456 232 944 576 162 963 121 898 651 1 226
171 261 469 722 269 463 422 677 31 607 112 354 558 278 338 311 754 674
942 787 939 602 242 221 631 90 827 804 124 221 158 230 833 323 569 971
274 506 561 277 292 813 967 416 421 320 220 544 975 438 488 72 4 661 440
712 705 485 586 20 627 784 612 389 846 583 120 936 631 224 421 388 752
329 148 647 379 773 503 77 162 167 548 445 438 943 846 295 382 581 124
799 590 172 422 953 479 383 999 336 118 714 212 704 283 29 137 35 467
349 193 101 370 319 314 533 915 749 304 75 765 188 110 705 613 822 898
432 931 892 735 274 469 896 707 993 419 630 881 77 280 176 678 561 693
182 736 993 20 852 578 314 758 942 812 300 410 831 805 201 544 999 497
91 128 599 830 928 267 234 823 42 919 358 49 860
